金融股尚缺

20180111
20180122
20180201-20180515
20180522
20180611
20180622
20180711
20180822
20180911
20181011
20181022
20181122
20181211
20181222
20190111
20190122
20190211
20190222
20190311
20190322
20190411
20190422
20190522
20190611
20190711
20190722
20190822
20190911
20191022
20191111
20191122
20191211
20200211
20200311
20200511
20200522
20200611
20200622
20200711
20200722
20200811
20200911
20200922
20201022
20201111
20201201
20201211
20201222

----
大盤
--20180111--
--20180122--
--20180201--
--20180208--
20180211日?
--20180222--
--20180322--
--20180411--
--20180508--
--20180511--
--20180522--
--20180611--
20180622
20180711
20180822
20180911
20181011
20181012
20181022
20181122
20181203
20181211
20190111
20190122
20190211
20190222
20190311
20190322
20190411
20190422
20190522
20190611
20190711
20190722
20190822
20190911
20191022
20191111
20191122
20191211
20200211
20200311
20200511
20200522
20200611
20200622
20200711
20200722
20200811
20200911
20200922
